망장애작업일련번호|망장애작업복구번호|복구소요시간;
9803199|1|203;
10612293100|2784724|45;
10612309300|2784891|36;
10612299300|2784882|7;
10612304000|2784885|4;
9803541|1|360;
10612304900|2784975|10;
10612304400|2784658|9;
10612304400|2785075|9;
10612304400|2784972|9;
10612307200|2784892|36;
5577683403|1|70;
10612311400|2784664|4;
10612311400|2784665|4;
10612311400|2785090|4;
10612311400|2784976|5;
10612311400|2784977|4;
10612311400|2784978|4;
10612311400|2784262|4;
10612310500|2785089|5;
9802903|1|34;
10612310400|2784546|10;
10612310600|2784744|13;
10612313800|2784823|5;
10612313800|2784824|5;
10612315900|2784828|3;
10612311400|2784263|4;
10612311400|2784264|4;
10612311400|2784543|4;
10612311400|2784544|4;
10612311400|2784545|4;
10612311400|2784894|4;
10612311400|2784895|4;
10612311400|2784896|6;
10612311400|2784897|4;
10612311400|2784902|21;
10612311400|2784821|4;
10612311400|2784822|4;
10612311400|2784740|4;
10612311400|2784741|4;
10612311400|2784742|4;
5011436934701|2784889|4;
10612304700|2785093|110;
10612316200|2784668|4;
10612316200|2784669|4;
10612316200|2785094|5;
10612316200|2784979|5;
10612316200|2784268|4;
10612316200|2784269|5;
10612316200|2784548|4;
10612316200|2784549|4;
10612316200|2784550|5;
10612316200|2784903|4;
10612316200|2784904|4;
10612316200|2784905|6;
10612316200|2784906|6;
10612316200|2784907|7;
10612316200|2784829|5;
10612316200|2784830|4;
10612306700|2784666|64;
10612306700|2784667|64;
10612306700|2784265|64;
10612306700|2784266|67;
10612306700|2784898|64;
10612306700|2784899|64;
10612306700|2784825|64;
10612306700|2784827|64;
10612306700|2784743|64;
10612317700|2785096|19;
10612314500|2784551|56;
9803000|2784747|67;
9803001|2784748|66;
10612321200|2784832|1;
10612319700|2785172|10;
10612319700|2785099|9;
10612319700|2784980|6;
10612319700|2784981|10;
10612319700|2784982|10;
10612319700|2784270|10;
10612319700|2785271|10;
10612319700|2784552|10;
10612319700|2784553|10;
10612319700|2784833|10;
10612319700|2784749|6;
10612319700|2784750|10;
10612319700|2784751|10;
5577746303|1|10;
10612325000|2784920|13;
10612318300|2784831|4;
10612329300|2785281|5;
5577761503|1|10;
10612357900|2784846|9;
10612364200|2784847|2;
10612330100|2784993|21;
10612306700|2784826|64;
9802993|1|684;
10612317700|2785171|19;
10612319700|2784910|9;
10612318200|2784909|4;
10612329000|2785273|10;
10612329500|2784761|10;
10612366800|2785283|4;
5011436962901|2784908|35;
5011436992201|2784912|4;
10612364000|2785282|5;
9802485|2785289|48;
10612369100|2785284|8;
10612374900|2785285|5;
10612375000|2785286|5;
9802472|2785109|48;
9802482|2785290|49;
10612389700|2785110|5;
9802470|2785292|54;
10612338800|2785184|3;
9803200|2785113|59;
5011437022001|2784932|4;
10612371300|2785108|5;
9796755|2785376|69;
5577781803|1|15;
9796755|2785375|69;
9796762|2785377|71;
10612364300|2784994|5;
9795825|2785378|93;
10612427000|2785309|5;
10612315000|2784267|5;
10612315000|2784547|4;
10612315000|2784901|5;
10612315000|2784745|5;
9800796|2785379|100;
10612323000|2785173|6;
10612323000|2785176|10;
10612323000|2785177|10;
10612323000|2785178|10;
10612323000|2785179|10;
10612323000|2785180|10;
10612323000|2785181|10;
10612323000|2785182|10;
10612323000|2785183|10;
10612323000|2785100|6;
10612323000|2785101|10;
10612401000|2785123|5;
10612425300|2785198|5;
10612426900|2784940|5;
10612323000|2785102|10;
10612323000|2785103|10;
10612323000|2785104|10;
10612323000|2785105|10;
10612323000|2785106|10;
10612323000|2785107|15;
10612323000|2784983|6;
10612323000|2784984|10;
10612323000|2784985|10;
10612323000|2784986|10;
10612323000|2784987|10;
10612323000|2784988|10;
10612323000|2784989|10;
10612323000|2784990|10;
10612323000|2784991|10;
10612323000|2784992|15;
10612323000|2785272|6;
10612323000|2785274|10;
10612323000|2785275|10;
10612323000|2785276|10;
10612323000|2785277|10;
10612323000|2785278|10;
10612323000|2785279|10;
10612323000|2785280|10;
10612323000|2784554|6;
10612323000|2784555|6;
10612323000|2784556|10;
10612323000|2784557|10;
10612323000|2784561|10;
10612323000|2784558|10;
10612323000|2784559|10;
10612323000|2784560|10;
10612323000|2784562|10;
10612323000|2784563|15;
10612323000|2784911|6;
10612323000|2784913|10;
10612323000|2784914|10;
10612323000|2784915|10;
10612323000|2784916|10;
10612323000|2784917|10;
10612323000|2784918|10;
10612323000|2784922|15;
10612323000|2784842|10;
10612323000|2784843|10;
10612323000|2784844|10;
10612323000|2784845|15;
10612323000|2784834|6;
10612323000|2784835|6;
10612323000|2784836|10;
10612323000|2784837|10;
10612323000|2784838|10;
10612323000|2784839|10;
10612323000|2784840|10;
10612323000|2784841|10;
10612323000|2784752|6;
10612323000|2784753|10;
10612323000|2784754|10;
10612323000|2784755|10;
10612323000|2784756|10;
10612323000|2784757|10;
10612323000|2784758|10;
10612388800|2785185|4;
10612388800|2785186|5;
10612388800|2785187|5;
10612388800|2784995|4;
10612388800|2784996|4;
10612388800|2784997|5;
10612388800|2785291|4;
10612388800|2784564|5;
10612388800|2784924|4;
10612388800|2784925|5;
10612388800|2784926|4;
10612388800|2784848|5;
10612393400|2785188|4;
10612393400|2785189|9;
10612393400|2785190|10;
10612393400|2785191|9;
10612393400|2785192|10;
10612393400|2785193|11;
10612393400|2785194|10;
10612393400|2785195|14;
10612393400|2785196|14;
10612393400|2785197|15;
10612393400|2785112|4;
10612393400|2785114|10;
10612393400|2785115|9;
10612393400|2785116|9;
10612393400|2785117|9;
10612393400|2785118|11;
10612393400|2785119|10;
10612393400|2785120|10;
10612393400|2785121|10;
10612393400|2785122|10;
10612393400|2784998|4;
10612393400|2784999|4;
10612393400|2785000|4;
10612393400|2785001|10;
10612393400|2785002|10;
10612393400|2785003|10;
10612393400|2785004|10;
10612393400|2785005|11;
10612393400|2785006|10;
10612393400|2785007|10;
10612393400|2785008|10;
10612393400|2785009|15;
10612393400|2785010|14;
10612393400|2785293|4;
10612393400|2785294|4;
10612393400|2785295|9;
10612393400|2785296|10;
10612393400|2785300|9;
10612323000|2784759|10;
10612388800|2784762|4;
10612393400|2785297|9;
10612393400|2785298|9;
10612393400|2785299|10;
10612393400|2785302|10;
10612393400|2785303|10;
10612393400|2785304|10;
10612393400|2785305|10;
10612393400|2785306|15;
10612393400|2785307|16;
10612393400|2785308|14;
10612393400|2784565|5;
10612393400|2784566|4;
10612393400|2784567|4;
10612393400|2784568|10;
10612393400|2784569|11;
10612393400|2784570|10;
10612393400|2785371|10;
10612393400|2785372|10;
10612393400|2785373|10;
10612393400|2785374|15;
10612393400|2784927|5;
10612393400|2784928|4;
10612393400|2784930|9;
10612393400|2784931|9;
10612393400|2784933|10;
10612393400|2784934|10;
10612393400|2784935|10;
10612393400|2784936|10;
10612393400|2784937|14;
10612393400|2784938|15;
10612393400|2784849|4;
10612393400|2784850|10;
10612393400|2784851|10;
10612393400|2784852|10;
10612393400|2784853|11;
10612393400|2784854|10;
10612393400|2784855|14;
10612393400|2784856|14;
10612393400|2784857|15;
10612393400|2784763|5;
10612393400|2784764|4;
10612393400|2784765|9;
10612393400|2784766|9;
10612393400|2784767|9;
10612393400|2784768|10;
10612393400|2784769|11;
10612393400|2784770|14;
10612393400|2785471|15;
10612393400|2785472|15;
10612393400|2785473|18;
9802184|2785205|102;
9802186|2785206|102;
9802187|2785207|103;
9802188|2785208|103;
9802191|2785209|104;
9802173|2785210|44;
10612427900|2785474|5;
9802174|2785211|44;
9802171|2785212|44;
9802172|2785213|45;
10612310000|2785011|235;
9796759|2785380|122;
9802259|2785381|123;
9803002|1|177;
10612431600|2784860|1;
9803003|2784941|187;
10612431500|2785382|5;
9802151|2785385|138;
9802151|2785386|138;
10612430600|2784859|4;
10612431100|2784861|10;
10612431000|2785476|14;
10612431000|2785477|14;
10612409500|2785200|6;
10612295700|2784251|4;
10612318400|2784746|5;
10612430800|2785129|30;
10612425600|2785125|66;
10612425600|2785310|76;
10612425600|2784942|64;
9800795|2785387|160;
9796674|2785388|161;
9796674|2785389|161;
9795733|2785390|162;
10612436400|2785216|5;
10612436100|2785391|5;
10612436500|2785392|5;
10612436300|2785311|5;
10612435700|2784944|5;
10612435800|2784863|5;
10612435500|2785014|5;
10612435900|2785015|5;
10612436200|2785131|5;
10612436000|2785312|5;
10612430700|2785012|10;
10612430500|2785214|4;
10612425600|2785013|76;
5577856103|2785133|5;
10612309600|2784945|321;
10612438300|2785393|10;
10612438200|2785134|11;
10612431200|2785215|5;
10612431200|2785124|5;
10612431200|2785384|5;
10612435400|2784943|5;
9803575|2785219|103;
9802550|1|240;
10612338900|2785016|200;
9797857|1|240;
9797874|1|240;
9800454|1|240;
9803506|1|240;
9802556|1|240;
9802559|1|240;
9802561|1|240;
9802564|1|240;
9802565|1|240;
9802566|1|240;
9802567|1|240;
9787313|1|240;
9790561|1|240;
9797809|1|240;
9802893|1|240;
9802894|1|240;
9802899|1|240;
9800891|1|240;
9795627|1|240;
9796306|1|240;
9796325|1|240;
9789519|1|240;
9791389|1|240;
9801440|1|240;
9802901|1|180;
10612432600|2785222|91;
10612329600|2785316|255;
10612438700|2785220|3;
10612438700|2785221|3;
10612438700|2785136|3;
10612438700|2785137|3;
10612438700|2785138|3;
10612438700|2785017|3;
10612438700|2785018|3;
10612438700|2785313|3;
10612438700|2785314|3;
10612438700|2785315|3;
10612438700|2785394|3;
10612438700|2784946|3;
10612438700|2784947|3;
10612438700|2784948|3;
10612438700|2784864|3;
10612438700|2784865|3;
10612438700|2784866|3;
10612438700|2785479|3;
9803566|2785225|452;
9803567|2785226|453;
10612441000|2785227|5;
10612441100|2784949|5;
10612440600|2785224|5;
5577856103|1|94;
10612305900|2785228|437;
10612438400|2785480|5;
5577890903|2785140|11;
10612073000|2785229|1416;
5577887303|2785482|31;
9803571|1|51;
10612438000|2785484|107;
10612440900|2784867|5;
10612432100|2784862|9;
10612438100|2785135|4;
10612441500|2785141|7;
10612441500|2784950|7;
10612442300|2785142|5;
10612442300|2785019|4;
10612442300|2785020|5;
10612442300|2785397|4;
10612442300|2785398|4;
10612442300|2784952|4;
10612442300|2784953|4;
10612442300|2784868|5;
10612442300|2785488|4;
10612036100|2785399|1957;
10612443500|2784869|2;
10612443400|2785400|5;
10612438500|2785395|18;
10612441400|2785396|4;
5011437017801|2784929|9;
10612443600|2785572|15;
10612444500|2785573|1;
10612441900|2785233|45;
5577916003|1|20;
10611981200|2785402|2654;
10612008700|2785403|2421;
10612051800|2785022|1706;
10611969900|2785491|2758;
10611970000|2785492|2758;
10612020000|2785237|2326;
10612078800|2785575|1439;
10612078000|2785238|1439;
10612078100|2785404|1439;
10612077500|2785319|1439;
10612079000|2785576|1439;
10612079200|2785494|1439;
10612078400|2785577|1439;
10612445100|2785234|4;
10612445100|2785144|4;
10612445100|2785021|4;
10612445100|2785317|4;
10612445100|2785490|4;
10612445100|2785493|9;
10612081700|2785320|1436;
10612081400|2785240|1436;
10612081000|2785023|1436;
10612084400|2785405|1434;
10612084600|2785406|1434;
10612082700|2785321|1436;
10612084700|2785579|1434;
10612307300|2784955|453;
10612445100|2784956|4;
10612445100|2784957|4;
10612445100|2785235|4;
10612446600|2785580|3;
10612087900|2785407|1434;
10612087100|2784960|1434;
10612445700|2785581|5;
10612446600|2785582|3;
10612448400|2785583|3;
10612090100|2785024|1434;
10612091200|2785241|1434;
10612446900|2785146|4;
10612307600|2784959|487;
10612091700|2785584|1434;
10612092800|2785408|1434;
10612445900|2785323|5;
10612091800|2784961|1434;
10612092200|2785324|1434;
10612093800|2784962|1434;
10612093000|2785025|1434;
10612092500|2785026|1434;
10612093200|2785495|1434;
10612098900|2785148|1429;
10612102000|2785409|1429;
10612103700|2785585|1429;
10612101400|2785410|1429;
10612103200|2785325|1429;
10612102400|2785028|1429;
10612104300|2785326|1429;
10612104900|2784963|1429;
10612105100|2784964|1429;
10612104700|2785586|1429;
10612105500|2785029|1429;
10612107100|2785151|1429;
10612446700|2785147|6;
10612102200|2785149|1429;
10612458000|2785150|4;
10612106500|2785587|1429;
10612441700|2785588|66;
10612107400|2785152|1429;
10612443900|2785027|13;
10612206900|2784965|1370;
10612451800|2785153|8;
10612456500|2785154|6;
10612456500|2785155|6;
10612451700|2785156|10;
10612116700|2785327|1424;
10612116200|2785030|1424;
10612116600|2785496|1424;
10612121000|2785589|1424;
10612120500|2785412|1424;
10612120900|2785497|1424;
10612455200|2785157|9;
10612451100|2785158|13;
10612130700|2784966|1419;
10612132100|2785159|1419;
10612486400|2785590|2;
10612487100|2785591|2;
10612487000|2785592|3;
10612431900|2785230|194;
10612136300|2785594|1419;
10612136400|2785595|1419;
10612136000|2785498|1419;
10612134900|2785596|1419;
10612459300|2785597|14;
10612138100|2785242|1419;
10612138700|2785328|1419;
10612137500|2785160|1419;
10612140000|2784967|1419;
10612457000|2785598|15;
10612469800|2785599|10;
10612469300|2785600|11;
10612145500|2785329|1414;
10612494100|2785330|5;
5011436259701|2783341|142;
5011436259701|2783199|13;
10612485100|2785601|7;
5011436259701|2783206|143;
10612148000|2785602|1414;
10612146800|2785500|1414;
10612482500|2785603|7;
10612483800|2785604|8;
10612460100|2785605|18;
10612500600|2785606|3;
10612150000|2784970|1414;
10612150500|2785607|1414;
10612151400|2785034|1414;
10612153200|2785243|1414;
10612153700|2785501|1414;
10612154100|2785163|1414;
10612453700|2785608|19;
10612457800|2785609|20;
10612160700|2785244|1409;
10612161900|2785415|1409;
10612467100|2785610|17;
10612470300|2785611|18;
10612164200|2785416|1409;
10612165700|2785245|1409;
10612485300|2785612|13;
5011437133801|2785671|50;
10612481800|2785613|14;
10612168500|2785672|1409;
10612484600|2785614|14;
10612449400|2785502|30;
10612449400|2785503|30;
10612488100|2785615|14;
10612485500|2785616|15;
10612459400|2785504|25;
10612172300|2785331|1409;
10612172600|2785332|1409;
10612483200|2785617|15;
10612446500|2785417|31;
10612487200|2785618|16;
10612517600|2785619|6;
10612460000|2785505|26;
10612485700|2784969|4;
10612525200|2785506|6;
10612517700|2785620|7;
10612485000|2785162|5;
10612461100|2785507|27;
10612461400|2785508|27;
10612181700|2785036|1404;
10612182100|2785246|1404;
10612529500|2785166|3;
10612456800|2785509|28;
9803542|2785418|517;
10612471000|2785510|24;
10612185400|2785673|1404;
10612184300|2785333|1404;
10612186400|2785511|1404;
10612472000|2785512|26;
10612472100|2785513|27;
10612470400|2785514|27;
10612472900|2785515|28;
10612506300|2785516|18;
10612542600|2785621|5;
10612542500|2785168|6;
10612472500|2785517|29;
10612535400|2785518|8;
10612513700|2785035|5;
10612441800|2785571|5;
10612516300|2785420|16;
10612472700|2785520|32;
10612203600|2785625|1391;
10612471900|2785521|33;
10612491400|2785522|28;
10612443800|2785236|20;
10612443800|2785145|20;
10612443800|2785318|20;
10612443800|2785401|20;
10612443800|2785574|20;
10612489200|2785523|29;
10612319800|2784921|9;
10612491600|2785527|30;
10612490200|2785528|31;
10612490500|2785529|31;
10612579800|2785248|5;
10612580200|2785423|5;
10612581000|2785340|5;
10612579700|2785341|5;
10612578800|2785677|5;
10612579500|2785678|5;
10612581100|2785530|5;
10612580700|2785531|5;
10612578900|2785772|5;
10612580900|2785773|5;
10612491700|2785532|32;
10612490400|2785533|33;
10612502700|2785544|28;
5011436953701|2785095|40;
5011436257301|2783424|76;
5011436257301|2783425|75;
5011436259701|2783491|7;
5011436259701|2783495|13;
5011436259701|2783509|145;
5011436259701|2783584|14;
10612445600|2785687|56;
10612502100|2785545|32;
5011436471201|2784014|14;
5011436471201|2784090|14;
10612529400|2785037|5;
5011436535801|2783758|4;
5011436471201|2783237|4;
5011436471201|2783239|9;
5011436471201|2783713|9;
5011436471201|2783716|14;
10612528700|2785546|23;
10612530200|2785549|24;
10612544700|2785550|20;
10612582400|2785783|2;
10612544800|2785039|5;
10612569700|2785552|16;
10612505500|2785167|6;
5011436610201|2783864|4;
10612530300|2785548|24;
10612546700|2785689|21;
10612445500|2785258|61;
5011436632201|2784131|4;
5011436672501|2784322|9;
5011436755101|2784514|18;
5011436740601|2784343|18;
10612582500|2785784|15;
10612582700|2785635|10;
10612567200|2785249|4;
10612567200|2785250|4;
10612567200|2785251|4;
10612567200|2785252|4;
10612567200|2785253|4;
10612567200|2785255|4;
10612567200|2785256|4;
10612567200|2785771|4;
10612567200|2785774|4;
10612567200|2785775|4;
10612567200|2785776|4;
10612567200|2785777|4;
10612567200|2785778|4;
10612567200|2785779|4;
10612567200|2785780|4;
10612567200|2785781|4;
10612567200|2785426|4;
10612567200|2785040|4;
10612567200|2785041|4;
10612567200|2785042|4;
10612567200|2785045|4;
10612567200|2785046|4;
10612567200|2785336|4;
10612567200|2785337|4;
10612567200|2785339|4;
10612567200|2785342|4;
10612567200|2785343|4;
10612567200|2785344|4;
10612567200|2785345|4;
10612567200|2785421|4;
10612567200|2785422|4;
10612567200|2785424|4;
10612567200|2785425|4;
10612567200|2785429|4;
10612567200|2785430|4;
10612567200|2785432|4;
10612567200|2785434|9;
10612567200|2785675|4;
10612567200|2785676|4;
10612567200|2785679|4;
10612567200|2785681|4;
10612567200|2785683|4;
10612567200|2785684|4;
10612567200|2785685|4;
10612567200|2785686|4;
10612567200|2785627|4;
10612567200|2785628|4;
10612567200|2785629|4;
10612567200|2785630|4;
10612567200|2785631|4;
10612567200|2785634|4;
10612567200|2785524|4;
10612567200|2785525|4;
10612567200|2785526|4;
10612567200|2785534|4;
10612567200|2785535|4;
10612567200|2785536|4;
10612567200|2785537|4;
10612567200|2785538|4;
10612567200|2785539|5;
10612567200|2785542|4;
10612567200|2785543|4;
10612544600|2785254|4;
10612544600|2785257|4;
10612544600|2785170|4;
10612544600|2785782|4;
10612544600|2785038|4;
10612544600|2785043|4;
10612544600|2785044|4;
10612544600|2785334|4;
10612544600|2785346|4;
10612544600|2785419|4;
10612544600|2785427|4;
10612544600|2785428|4;
10612544600|2785431|4;
10612544600|2785433|4;
10612544600|2785674|4;
10612544600|2785680|4;
10612544600|2785682|4;
10612544600|2785688|18;
10612544600|2785622|4;
10612544600|2785623|4;
10612544600|2785624|4;
10612544600|2785626|4;
10612544600|2785632|4;
10612544600|2785633|4;
10612544600|2785519|4;
10612544600|2785540|4;
10612544600|2785541|4;
10612494200|2785161|4;
10612494200|2785031|4;
10612494200|2785032|4;
10612494200|2785033|4;
10612494200|2785413|4;
10612494200|2785414|4;
10612494200|2784968|4;
10612494200|2785499|4;
10612583400|2785437|4;
10612444300|2784958|3;
10612582300|2785047|4;
10612584800|2785259|4;
10612584800|2785786|4;
10612584800|2785787|4;
10612584800|2785788|4;
10612584800|2785048|4;
10612584800|2785348|6;
10612584800|2785690|4;
10612582600|2785347|5;
10612585100|2785260|5;
5577890903|1|165;
10612582200|2785785|5;
10612583500|2785262|7;
10612588000|2785263|5;
9803592|2785264|16;
10612590900|2785790|4;
5011436680501|2784684|49;
5011436680501|2784590|4;
5011436711601|2784611|39;
5011436734701|2784614|4;
9803203|1|120;
10612584800|2785438|4;
10612584800|2785439|4;
10612590900|2785791|4;
10612590900|2785792|4;
10612590900|2785050|4;
10612590900|2785051|4;
10612590900|2785349|4;
10612590900|2785442|4;
10612584500|2785441|4;
10612585200|2785643|30;
10612587800|2785559|22;
5577650703|1|710;
5577593503|1|835;
9803311|2785560|16;
9803311|2785561|16;
10612594000|2785563|2;
10612593100|2785562|7;
10612593900|2785564|2;
10612593900|2785644|3;
10612583600|2785556|5;
10612592100|2785566|14;
5577984703|1|54;
10612584900|2785695|41;
9803839|2785055|27;
10612590900|2785637|4;
10612590900|2785638|4;
9802802|1|60;
9803302|2785054|30;
5011432122901|2773235|4;
5011434117801|2778414|42;
5578004503|1|10;
10612582800|2785268|60;
10612594300|2785794|5;
10612583700|2785636|6;
10612585000|2785049|6;
9803772|2785270|10;
10612590400|2785351|3;
10612595100|2785057|5;
10612594900|2785568|5;
10612595700|2785569|5;
10612595500|2785871|4;
10612595500|2785795|4;
10612595500|2785699|4;
10612600600|2785872|5;
10612600600|2785873|5;
10612600600|2785353|5;
10612600600|2785447|5;
10612600600|2785646|5;
10612600600|2785647|5;
10612600600|2785874|5;
9802841|1|120;
10612596100|2785700|10;
9803641|2785355|54;
9803641|2785448|54;
9803640|2785356|54;
9803432|2785449|54;
9803638|2785357|55;
9803434|2785358|55;
9803433|2785359|55;
10612506900|2785877|117;
9803844|2785058|25;
5578018603|1|10;
10612224100|2785265|1407;
10612224100|2785445|1411;
10612224100|2785446|1421;
10612224100|2785640|1408;
10612224100|2785645|1418;
10612224100|2785567|1418;
9801914|2785367|89;
9802919|2785368|49;
10612599900|2785712|19;
10612610500|2785714|5;
10612600000|2785883|21;
10612610900|2785715|5;
9803658|2785807|44;
10612588500|2785793|17;
10612588500|2785806|57;
10612588500|2785444|18;
10612588500|2785641|17;
10612588500|2785642|17;
9803007|2785691|47;
9803131|2785808|51;
10612603100|2785456|4;
9803020|2785717|17;
9803021|2785718|16;
10612602800|2785450|5;
9799281|2785370|74;
10612612300|2786071|5;
10612612900|2785810|5;
9801170|2785655|141;
10612613100|2785656|5;
10612612700|2785811|10;
10612611200|2785809|5;
10612612100|2785884|16;
10612595000|2785648|10;
9803016|1|33;
9803017|1|32;
9803018|1|31;
10612612400|2785460|14;
10612611800|2785459|4;
5578033603|1|15;
10612594400|2785649|5;
9802907|2786171|116;
10612614000|2785885|7;
10612614000|2785812|7;
10612614000|2785461|7;
10612614000|2785463|7;
10612614000|2785658|7;
10612599600|2785654|25;
9803838|2786172|83;
10612592400|2785266|6;
10612592400|2785443|5;
10612592400|2785692|6;
10612592400|2785693|6;
10612594500|2785875|5;
10612615700|2785978|5;
9803594|2785888|43;
10612611100|2785815|33;
10612244700|2785976|1408;
10612299200|2785470|775;
10612615800|2785816|5;
9804055|1|0;
10612614000|2786073|7;
10612614000|2786074|7;
10612244700|2786072|1408;
10612614000|2785975|7;
10612244700|2785070|1411;
10612244700|2783911|4;
10612244700|2785659|1408;
9803707|2786271|3;
10612611300|2785889|40;
10612612800|2785887|3;
10612616500|2785663|5;
10612607000|2785879|5;
10612607000|2785880|4;
10612607000|2785881|4;
10612607000|2785882|4;
10612607000|2785797|4;
10612607000|2785798|4;
10612607000|2785799|4;
10612607000|2785800|4;
10612607000|2785801|4;
10612607000|2785802|4;
10612607000|2785803|4;
10612607000|2785805|4;
10612607000|2785059|4;
10612607000|2785060|4;
10612607000|2785061|4;
10612607000|2785062|4;
10612607000|2785063|4;
10612607000|2785064|4;
10612607000|2785065|4;
10612607000|2785066|4;
10612607000|2785067|4;
10612607000|2785068|4;
10612607000|2785360|4;
10612607000|2785361|4;
10612607000|2785362|4;
10612607000|2785363|5;
10612607000|2785364|4;
10612607000|2785365|4;
10612607000|2785366|4;
10612607000|2785451|4;
10612607000|2785452|4;
10612607000|2785453|4;
10612607000|2785454|4;
10612607000|2785703|4;
10612607000|2785704|4;
10612607000|2785705|4;
10612607000|2785706|4;
10612607000|2785707|4;
10612607000|2785708|4;
10612607000|2785709|4;
10612607000|2785710|4;
10612607000|2785711|4;
10612607000|2785650|4;
10612607000|2785651|4;
10612607000|2785652|4;
10612607000|2785653|4;
10612607000|2785971|4;
10612607000|2785972|5;
10612607000|2785804|4;
10612614700|2785722|10;
10612612600|2785720|5;
10612615500|2785721|5;
10612615500|2785468|5;
10612615500|2785662|5;
10612615000|2785660|5;
10612616000|2785818|5;
10612616000|2786173|5;
9803025|2785727|39;
9803026|2785725|38;
9803023|2785726|39;
10612617100|2785728|6;
10612615900|2785891|25;
9804240|2785892|15;
10612611600|2785982|54;
9803855|2785729|41;
9803074|2786174|121;
9803300|2785664|140;
9803075|2786176|121;
9803075|2786177|121;
9803076|2786178|122;
10612212700|2785983|1528;
10612617300|2785820|5;
10612617300|2786175|4;
10612617300|2785730|7;
10612617300|2785731|4;
9802937|2786077|63;
10612616200|2786076|5;
9803845|2786179|88;
9802936|2786078|64;
9802923|2786272|64;
9802923|2786273|64;
5011437234001|2785893|64;
9803828|2785665|8;
9802935|2786079|64;
9802928|2786274|64;
9802928|2786275|64;
9802934|2786080|64;
9802933|2786081|65;
9803645|2786276|95;
9802932|2786082|65;
9803669|2786277|65;
9802931|2786083|65;
10612303500|2785666|776;
9802925|2786278|65;
9802925|2786279|65;
9803683|2786084|66;
9802926|2786280|66;
9802930|2786085|66;
9802927|2786281|66;
9802929|2786086|66;
9802929|2786282|66;
9803671|2786283|67;
9803682|2786089|67;
9803672|2786284|67;
9803672|2786285|67;
9803680|2786090|67;
9803673|2786286|67;
9803679|2786091|68;
9803674|2786288|68;
9803676|2786092|68;
9803675|2786289|68;
9803675|2786093|68;
10612627500|2785734|3;
9802915|2786094|70;
5578111003|1|10;
10612454800|2786099|215;
9803826|2785670|24;
9803077|2786184|134;
9803078|2786185|135;
9802920|2786100|125;
9803847|2786101|87;
9803858|2786102|60;
10612624500|2785894|4;
10612624500|2785895|9;
10612624500|2785896|9;
10612624500|2785897|9;
10612624500|2785821|4;
10612624500|2785822|4;
10612624500|2785823|9;
10612624500|2785824|9;
10612624500|2785825|9;
10612624500|2785826|14;
10612624500|2785827|14;
10612624500|2786180|4;
10612624500|2786181|4;
10612624500|2786182|9;
10612624500|2786183|9;
10612624500|2786186|14;
10612624500|2786087|4;
10612624500|2786088|4;
10612624500|2786095|9;
10612624500|2786096|9;
10612624500|2786097|9;
10612624500|2786098|9;
10612624500|2785733|6;
10612624500|2785735|9;
10612624500|2785736|9;
10612624500|2785737|9;
10612624500|2785738|9;
10612624500|2785739|9;
10612624500|2785740|9;
10612624500|2785741|9;
10612624500|2785742|14;
10612624500|2785743|14;
10612624500|2785744|14;
10612624500|2786287|6;
10612624500|2786290|9;
10612624500|2786291|9;
10612624500|2786292|9;
10612624500|2786293|9;
10612624500|2786294|9;
10612624500|2786297|14;
10612624500|2785667|4;
10612624500|2785668|4;
10612624500|2785669|9;
10612624500|2786371|14;
10612624500|2786189|16;
10612624500|2785985|4;
10612624500|2785987|9;
10612624500|2785988|9;
10612624500|2785989|9;
10612624500|2785990|9;
10612624500|2785991|9;
10612624500|2785993|14;
10612628300|2785829|5;
9803627|2785899|45;
10612615200|2786296|50;
10612615200|2785661|4;
9803656|2786298|140;
9803081|2786190|139;
9803860|2786191|47;
10612600900|2785713|5;
9803080|2786192|141;
9803082|2786193|141;
10612628700|2786104|5;
10612616900|2785747|18;
9803027|2785748|65;
9803030|2785749|63;
10612628200|2785898|4;
10612628200|2785828|4;
10612628200|2786187|4;
10612628200|2786188|4;
10612628200|2785745|4;
10612628200|2785992|4;
10612620500|2786373|26;
9803854|2786194|69;
9804057|2786106|50;
9804057|2786107|50;
9803867|2786195|19;
10612627400|2786105|9;
9803865|2786196|41;
9803853|2786197|83;
5011437217801|2785056|4;
10612632700|2785902|5;
10612632600|2786110|5;
10612632000|2786111|5;
10612632300|2786112|5;
10612632500|2785752|5;
10612610700|2786374|101;
10612632200|2786375|5;
10612632100|2785996|5;
10612448000|2785986|214;
10612620500|2785994|26;
10612616700|2786295|26;
10612632400|2786302|5;
5577887303|1|320;
9803024|1|60;
10612631200|2785901|5;
10612631200|2786198|5;
10612631200|2786199|5;
10612631200|2786109|5;
10612631200|2785751|5;
10612631200|2786300|5;
10612631200|2786301|5;
10612631200|2786376|7;
10612631200|2785995|5;
9803293|1|630;
10612631200|2785830|5;
9803287|1|630;
9803290|1|630;
9803291|1|630;
9803292|1|630;
9803294|1|630;
9803295|1|630;
9803296|1|630;
9803282|1|630;
9803283|1|630;
9803284|1|630;
9803285|1|630;
9803286|1|630;
9802845|1|180;
9803753|1|144;
9802924|1|132;
9803365|1|130;
9803366|1|130;
9803367|1|130;
9803368|1|130;
9803370|1|130;
9803371|1|130;
9803372|1|130;
9803373|1|130;
9803374|1|130;
9803375|1|130;
9803376|1|130;
9803377|1|130;
9803378|1|130;
9803379|1|130;
9803380|1|130;
9803381|1|130;
9803382|1|130;
9803383|1|130;
9803384|1|130;
9803385|1|130;
9803386|1|130;
9803387|1|130;
9802846|1|120;
10612629800|2785903|10;
10612629500|2785753|10;
10612629700|2786200|10;
10612629600|2785997|10;
9803716|2786303|11;
10612629100|2785998|15;
10612630100|2785904|11;
10612610800|2785755|106;
10612612500|2786201|91;
10612632800|2785754|5;
10612632800|2786304|6;
9803866|2786202|50;
10612628600|2786372|5;
10612633200|2785908|14;
10612628900|2785836|29;
5578146003|1|10;
9803087|2786209|175;
9803088|2786206|174;
9803088|2786207|174;
9803088|2786208|174;
10612638400|2786309|11;
9803084|2786211|176;
9803086|2786212|178;
9803086|2786213|178;
9803084|2786210|176;
10612629300|2785764|31;
9804163|2786378|42;
9803083|2786214|179;
10612638200|2785765|15;
10612633900|2785906|4;
10612633900|2785907|4;
10612633900|2785831|5;
10612633900|2785832|4;
10612633900|2785834|4;
10612633900|2785835|4;
10612633900|2786204|4;
10612633900|2786205|4;
10612633900|2786203|4;
10612633900|2786115|20;
10612633900|2786113|4;
10612633900|2786114|5;
10612633900|2785756|4;
10612633900|2785757|4;
10612633900|2785758|4;
10612633900|2785759|4;
10612633900|2785760|4;
10612633900|2785761|4;
10612633900|2786305|4;
10612633900|2786306|4;
10612633900|2786307|4;
10612633900|2786308|4;
10612633900|2786377|4;
10612633900|2785833|4;
9803833|2786379|54;
10612639600|2785909|5;
9803861|2786215|89;
9804043|2786116|56;
9803859|2786216|97;
10612211100|2786381|1609;
5578156503|1|15;
9803607|2785910|111;
5011436669801|2784591|29;
5011436689501|2784600|34;
5011436721301|2784227|4;
5011436669801|2784141|29;
5011436689501|2784331|34;
10612640300|2785837|14;
10612640300|2785838|14;
10612631900|2785911|51;
10612631900|2785766|52;
10612631900|2786382|45;
10612593500|2785878|26;
10612593500|2785796|26;
10612593500|2785352|6;
10612593500|2785701|26;
10612593500|2785702|25;
10612637700|2786380|25;
9803831|2786310|56;
10612640500|2785912|18;
10612636700|2786118|43;
10612447400|2786001|294;
10612636900|2785763|5;
9803991|2785839|26;
9803029|2786313|124;
9803028|2786471|110;
9803789|2786219|192;
10612642100|2786217|4;
10612642100|2786218|4;
10612642100|2786119|4;
10612642100|2785768|5;
10612642100|2785769|4;
10612642100|2786311|5;
10612642100|2786312|4;
10612642100|2785999|4;
10612642100|2786000|4;
9803797|2786220|192;
10612642500|2786221|5;
9803803|2786222|193;
10612642600|2786121|4;
9803864|2786223|109;
10612642300|2786224|13;
9803578|1|292;
9802922|1|120;
9804272|1|58;
10612642100|2785770|4;
9802635|1|240;
9803817|1|155;
9803318|1|153;
9803822|1|118;
9803862|1|111;
9804190|2786123|33;
9804171|2786002|75;
9804078|2786225|78;
10612643400|2786003|6;
10612643500|2786004|6;
9801656|2786383|222;
9801658|2786384|223;
9803593|2786005|169;
9803598|2786006|168;
9803600|2786007|168;
9804195|2786008|32;
9803603|2786009|167;
9803605|2786010|165;
9803835|2786473|90;
5578129603|2786314|95;
10612646100|2786315|5;
5578121803|2786316|90;
5578124903|2786317|86;
10612641000|2786472|5;
10612646200|2786228|3;
10612638500|2786318|61;
9804069|2786124|122;
9804071|2786125|121;
10612643300|2786385|27;
10612647300|2785914|5;
10612592900|2785267|5;
10612592900|2785053|5;
10612592900|2785694|5;
10612594600|2785876|4;
10612599800|2785817|45;
9804090|2786126|70;
9803988|2785840|38;
9803988|2785841|38;
9804337|2785915|21;
10612650700|2785842|4;
9804204|2786012|51;
10612648000|2786127|14;
10612650800|2786128|5;
10612650900|2785916|5;
9804346|2785917|15;
10612651800|2786229|5;
9803947|2786390|238;
9803948|2786391|222;
9803704|2786129|170;
10612640800|2786122|9;
10611845800|2783147|1434;
10612643600|2786319|15;
10612651000|2786015|14;
10612080800|2785578|1436;
9804349|2786392|20;
10612651900|2785918|5;
10612652300|2786016|4;
10612009900|2784223|1453;
10612279900|2784870|864;
9803770|2786017|279;
9803776|2786018|279;
9803307|2786393|276;
9803779|2786019|279;
9803306|2786394|277;
9803303|2786020|279;
9803782|2786021|278;
9803304|2786022|279;
9803784|2786395|278;
10612653000|2786023|5;
9804045|1|180;
9803724|2786320|18;
10612071300|2783685|5;
10611893600|2783980|1419;
9803686|1|210;
9804046|1|173;
9804056|1|170;
9804059|1|169;
9804060|1|168;
9803989|1|106;
10612653600|2786397|5;
10612652700|2786024|15;
9804136|2786130|12;
10612655000|2785852|4;
10612655000|2786321|4;
10612655000|2786322|4;
10612655000|2786230|6;
9803829|2786131|175;
9804122|2786132|43;
9804445|2786479|6;
10612647700|2786134|56;
10612654200|2785921|5;
10612654200|2785922|5;
10612652000|2785919|5;
5578188103|1|64;
9803035|2786482|82;
10612654000|2786477|5;
9803036|2786478|74;
10612655000|2786398|4;
10612655000|2786475|4;
10612655000|2786476|4;
10612656100|2785853|5;
9804738|2786324|21;
9804543|2786135|60;
10612655600|2786026|12;
9803872|2786027|94;
10612657400|2786400|5;
9804544|2785923|34;
9804353|2786401|16;
10612651400|2786323|34;
10612651400|2786399|31;
10612651400|2786025|31;
10612647500|2786011|6;
9804044|1|217;
9804351|1|40;
10612657300|2786137|10;
9802524|2786029|131;
9802525|2786030|132;
9802526|2786031|132;
9802527|2786032|133;
9802527|2786033|133;
9804001|2785854|44;
9804001|2785855|44;
9802528|2786034|136;
10612658600|2786326|5;
10612658700|2786138|5;
9802529|2786035|136;
9802530|2786036|137;
9802530|2786037|138;
9802531|2786038|138;
9802531|2786039|138;
9802532|2786040|139;
9802532|2786041|139;
9802534|2786042|139;
9802535|2786043|139;
9802536|2786044|140;
9802536|2786045|140;
9803875|2786142|87;
10612651400|2786133|31;
9804219|2786139|34;
9804744|2786140|13;
9803874|2786141|109;
9804325|2786327|145;
10612639900|2786329|138;
10612656600|2786330|26;
10612658500|2786402|14;
9802332|2785925|115;
10612659300|2786403|5;
10612659500|2786144|5;
9804448|1|59;
9804444|1|58;
9804447|1|54;
9804450|2786483|58;
9804449|2786484|61;
10612659400|2786485|12;
9804539|2786231|65;
9804048|1|236;
9804049|1|236;
9804050|1|235;
9804051|1|234;
9804052|1|234;
9804054|1|233;
9803991|1|148;
9804189|1|145;
9804192|1|142;
9802847|1|120;
9804212|1|101;
9804120|1|94;
9803737|1|59;
10612659800|2785856|15;
10612648100|2786474|22;
10612658200|2786143|16;
10612658200|2786328|11;
10612658200|2786046|12;
10612658200|2786047|15;
10612659700|2786486|6;
10612663300|2786147|5;
10612661200|2785860|15;
10612661200|2786406|17;
10612661200|2786487|15;
10612653400|2785920|5;
10612658800|2786052|36;
10612658800|2786053|36;
10612661600|2786051|5;
10612659900|2786050|20;
9803999|2785861|113;
10612661700|2786048|5;
9803328|2785862|85;
9803329|2785863|86;
9804352|2785929|86;
9804352|2785928|86;
9803330|2785864|86;
9803331|2785865|87;
10612665700|2786234|5;
10612660900|2785926|4;
10612660900|2786331|4;
10612663000|2786233|5;
10612663200|2786149|5;
9803617|2786410|33;
9803612|2786411|34;
9803620|2786412|35;
9803615|2786413|35;
9803616|2786414|36;
9803619|2786415|36;
9803621|2786416|36;
9803624|2786417|37;
10612661400|2786151|5;
9803968|2786418|278;
9803980|2786419|271;
9803979|2786420|272;
9804460|2786489|14;
9804460|2786490|14;
9803977|2786421|273;
9804459|2786491|14;
9803975|2786422|276;
9803877|1|60;
9803974|2786423|278;
9803972|2786424|279;
9803971|2786425|280;
9804455|2786492|33;
10612670100|2786156|5;
5578279203|1|15;
10612660400|2785868|35;
10612660400|2786059|36;
10612660400|2786152|35;
10612660400|2786058|35;
10612655200|2786136|10;
10612665400|2785933|35;
9803333|2785866|88;
9803970|2786571|279;
10612665400|2785931|35;
10612665400|2786573|35;
10612665400|2786158|35;
10612665400|2786499|36;
10612665400|2786340|35;
10612665400|2786426|35;
10612665400|2786427|35;
10612665400|2786496|35;
10612665400|2786497|35;
10612665400|2786498|35;
10612665400|2786062|35;
10612665400|2786063|35;
10612665400|2786064|35;
10612666600|2786335|10;
10612666600|2786336|10;
9803894|2786236|93;
10612628800|2785927|188;
9804147|2786159|288;
9804226|2786065|43;
10612670900|2786342|5;
9804148|2786160|288;
9804149|2786161|288;
9803899|2786237|51;
9803899|2786238|51;
10612670700|2786430|14;
10612670700|2786431|14;
9804654|2786344|56;
9803895|2786240|98;
10612678900|2786503|5;
10612679000|2786165|5;
9803891|1|90;
9803890|1|90;
9800992|1|360;
9803815|1|339;
9803818|1|326;
9804047|1|298;
9804073|1|271;
9804211|1|161;
9803882|1|90;
9803884|1|90;
9803886|1|90;
9803887|1|90;
9803888|1|90;
9803889|1|90;
10612672000|2786239|4;
10612672000|2786162|4;
10612672000|2786164|5;
10612672000|2786345|4;
10612672000|2786433|5;
10612672000|2786502|5;
10612672000|2785934|10;
10612672000|2786066|4;
10612679100|2786166|5;
10612476900|2786241|479;
10612661900|2786407|10;
10612292800|2786346|1243;
10612666000|2785867|5;
10612666000|2786235|5;
10612666000|2786408|5;
10612669000|2786432|5;
10612679700|2786070|5;
9803633|2785938|315;
10612657500|2786404|5;
9804232|2786242|58;
10612680700|2786671|5;
9803611|2785939|329;
10612670300|2786434|30;
9804150|2786167|310;
5011437457901|2786507|5;
9803893|2786243|129;
9803327|2785940|152;
9804033|2786575|15;
10612671100|2786506|5;
10612679600|2786672|26;
10612672000|2786163|4;
9804225|2786067|77;
9804566|2786068|81;
9804223|2786436|101;
5011437461301|2786168|6;
10612683100|2786244|4;
10612668000|2785869|6;
10612668000|2785870|6;
10612668000|2786154|6;
10612668000|2786155|9;
10612668000|2786337|6;
10612668000|2786339|9;
10612668000|2786493|9;
10612668000|2786060|9;
10612679200|2786674|31;
10612667000|2785930|6;
10612667000|2786334|6;
10612667000|2786409|6;
10612667000|2786057|6;
9804458|2786510|79;
9804457|2786511|79;
9799282|1|420;
9804646|1|109;
9803880|1|60;
10612679300|2786347|5;
10612678400|2786069|4;
10612681400|2785944|16;
10612683000|2786773|10;
10612670500|2786428|6;
10612670500|2786500|6;
10612611000|2785974|5;
10612682500|2786170|9;
10612682500|2786771|9;
10612682500|2786350|9;
10612682500|2786509|5;
10612682500|2786512|9;
10612682500|2786576|5;
10612684000|2786577|3;
10612669900|2785932|14;
10612681400|2785942|16;
10612682500|2785941|5;
10612682500|2785945|9;
10612669900|2786572|10;
10612686000|2786514|4;
9803885|2786245|175;
9804716|2785947|6;
10612670600|2786505|4;
10612669200|2786169|50;
10612664300|2786338|4;
10612652400|2786488|70;
9804395|2785948|26;
5011437411501|2786332|4;
10612669500|2786438|49;
10612687200|2786246|5;
10612683500|2786352|8;
9803736|2786779|188;
9804567|2785951|89;
9803441|2786441|3194;
9803513|1|480;
9804224|1|125;
10612687100|2786248|9;
9803902|2786249|69;
9804950|2786250|8;
10612276400|2786356|1530;
9804175|2785952|307;
10612691100|2786518|1;
10612690600|2786780|5;
9804398|2786443|41;
9804462|2786520|114;
9804461|2786521|114;
10612691300|2786684|10;
9803504|2786445|511;
10612684500|2786781|12;
10612683400|2785943|4;
10612683400|2786772|4;
10612683400|2786677|9;
9804739|2786784|166;
9804123|1|236;
9803997|1|150;
9804770|1|60;
9804771|1|60;
9804772|1|60;
9804773|1|60;
9804774|1|60;
9804775|1|60;
9804776|1|60;
9804777|1|60;
9804778|1|60;
9804779|1|60;
9804780|1|60;
9804781|1|60;
9804782|1|60;
9804783|1|60;
9804785|1|60;
9804786|1|60;
9804788|1|60;
9804789|1|60;
9804790|1|60;
9804791|1|60;
9804794|1|50;
9804795|1|50;
9804796|1|50;
9804797|1|50;
9804798|1|50;
9804799|1|50;
9804800|1|50;
9804801|1|50;
9804802|1|50;
9804803|1|50;
9804804|1|50;
9804805|1|50;
9804683|1|50;
9804684|1|50;
9804685|1|50;
9804687|1|50;
9804689|1|50;
9804692|1|50;
9804694|1|50;
9804696|1|50;
9804698|1|50;
9804703|1|45;
9804704|1|45;
9804705|1|45;
9804706|1|40;
9804707|1|40;
9804041|2786785|430;
9804768|2786786|99;
10612598000|2785973|5;
10612691400|2786360|5;
10612671200|2785937|4;
10612611500|2785069|6;
9804402|2786447|45;
9804252|2785953|286;
10612694300|2786523|15;
10612684200|2786519|5;
10612679900|2786782|50;
9804372|1|119;
9804470|1|60;
9804758|1|85;
9804374|1|73;
9804034|1|60;
9804708|1|40;
9804710|1|40;
9804711|1|40;
9804712|1|40;
9804811|1|26;
10612684700|2785946|4;
10612684700|2786351|4;
10612684700|2786439|4;
10612684700|2786513|4;
10612684700|2786681|4;
9804389|2786687|98;
10612688200|2786247|3;
10612688200|2786353|3;
10612688200|2786354|3;
10612688200|2786440|3;
10612688200|2786515|3;
10612688200|2786516|3;
10612688200|2786682|3;
10612688200|2786578|3;
10612692100|2786257|14;
10612692200|2786253|5;
10612694600|2786260|16;
10612639400|2786263|341;
10612694900|2786264|22;
5577369903|1|1905;
5578357103|2786265|61;
9804956|1|61;
5578379903|2786266|8;
9804420|2786448|35;
9804753|1|184;
9804717|2786362|25;
9803299|1|540;
9799961|1|540;
9803512|1|480;
9804217|1|210;
9803141|1|180;
9803142|1|180;
9803143|1|180;
9803145|1|180;
9803146|1|180;
9803147|1|180;
9803149|1|180;
9803150|1|180;
9803151|1|180;
9803152|1|180;
9803153|1|180;
9803154|1|180;
9803155|1|180;
9803156|1|180;
9804363|1|171;
9804365|1|166;
9804216|1|150;
9804761|1|131;
9804784|1|96;
9804218|1|90;
9804002|1|34;
9804220|1|30;
10612695000|2785956|4;
10612683700|2786685|55;
10612692000|2786527|51;
10612697100|2786688|6;
5578379903|1|20;
10612696100|2786788|4;
10612696100|2786789|4;
10612696100|2786525|4;
10612696100|2786581|4;
10612696100|2786582|4;
10612696100|2786583|6;
10612695500|2786261|6;
10612695500|2786787|5;
10612695300|2786365|23;
10612695300|2786584|23;
10612698300|2786585|5;
10612699400|2786530|5;
10612585400|2785052|13;
10612699000|2785959|5;
10612699000|2786369|5;
10612699000|2786531|14;
10612699000|2786368|5;
10612695300|2786366|23;
10612699000|2786367|5;
10612699000|2786586|5;
10612660500|2786232|3;
10612660500|2786145|3;
10612660500|2786146|3;
10612660500|2786405|3;
10612698100|2786872|4;
10612698100|2786528|4;
10612648300|2786028|49;
10612670200|2786429|3;
10612699900|2786874|5;
10612699700|2786370|4;
10612683800|2786256|49;
10612698000|2786873|3;
10612697200|2785958|3;
10612699800|2786534|14;
10612700300|2786876|4;
10612700300|2786533|4;
10612700300|2786589|4;
5578409603|1|10;
10612691500|2786579|10;
10612691900|2786444|4;
10612695400|2786267|5;
10612697400|2786450|5;
10612697700|2786588|11;
10612690400|2786517|5;
10612690900|2786683|5;
9805168|2786454|22;
10612691000|2786442|5;
10612694700|2786580|10;
10612701800|2786536|9;
10612614400|2786157|300;
10612614400|2786435|336;
9801943|1|600;
10612699000|2786690|5;
10612700300|2786790|4;
10612700700|2786973|5;
10612702800|2786459|5;
10612702500|2786460|12;
10612614100|2785462|4;
10612614100|2785977|5;
10612614100|2786061|301;
10612703100|2786461|3;
10612702700|2786590|9;
9803709|1|470;
10612703000|2786878|6;
9804493|2786537|58;
10612696400|2786791|35;
5578425003|2786880|4;
10612703800|2786793|5;
10612703600|2786881|10;
9804875|1|69;
10612702900|2786591|4;
10612704400|2785966|5;
5578425003|1|30;
10612700600|2785967|38;
10612705600|2786538|6;
10612692800|2785957|61;
10612692800|2785962|78;
10612692800|2785965|96;
10612692800|2786262|35;
10612692800|2786268|45;
10612692800|2786884|138;
10612692800|2786792|97;
10612692800|2786794|137;
10612692800|2786535|85;
10612692800|2786974|94;
10612692800|2786446|6;
10612692800|2786449|45;
10612692800|2786458|93;
10612692800|2786686|20;
10612692800|2786689|61;
10612692800|2786701|106;
10612692800|2786702|116;
10612692800|2786587|66;
10612692800|2786592|132;
10612692800|2786593|148;
10612703900|2786885|7;
10612703300|2786981|25;
10612690300|2786355|5;
10612691600|2786359|15;
5011437535801|2786795|70;
5011437535801|2786455|5;
5011437535801|2786700|5;
10612705500|2786703|4;
10612707200|2786594|11;
10612704000|2786595|56;
10612707700|2786890|7;
10612708200|2786539|7;
10612708600|2786892|2;
10612708500|2786541|9;
10612707500|2786540|5;
10612707900|2786706|20;
5011437583501|2786705|5;
10612690800|2786982|220;
10612690700|2786707|220;
10612707400|2786891|4;
5578436003|1|70;
10612708700|2786893|10;
10612708800|2786709|10;
10612705200|2787074|70;
10612705200|2786983|76;
10612705200|2786543|76;
10612705200|2786708|70;
5578440903|1|85;
10612709200|2786599|21;
10612706400|2786889|20;
10612706400|2786462|20;
10612706400|2786704|21;
10612706400|2786596|21;
10612708900|2786598|3;
10612703700|2786463|94;
5578482303|1|10;
10612714700|2786467|2;
5578477703|1|25;
9804878|2786715|34;
10612714900|2786902|5;
10612715700|2786552|4;
10612715700|2786553|4;
10612715600|2786470|5;
10612718300|2787080|4;
10612718300|2787081|4;
10612718300|2787082|4;
10612718300|2787083|4;
10612718300|2786803|4;
10612718300|2786804|3;
10612718300|2786805|4;
10612718300|2786991|3;
10612718300|2786992|4;
10612718300|2786993|4;
10612718300|2787171|4;
10612718300|2787172|4;
10612718300|2787173|4;
10612718300|2787174|4;
10612718300|2786555|4;
10612718300|2786556|3;
10612718300|2786716|3;
10612718300|2786717|4;
10612718300|2786718|4;
10612718300|2786719|4;
10612718300|2786603|4;
10612718300|2786604|3;
10612718300|2786605|4;
10612718300|2786606|3;
10612714500|2786554|5;
10612712800|2787075|23;
10612712800|2787076|23;
10612712800|2787077|25;
10612712800|2787078|25;
10612712800|2787079|25;
10612712800|2786896|23;
10612712800|2786897|23;
10612712800|2786898|23;
10612712800|2786899|23;
10612712800|2786900|25;
10612712800|2786901|25;
10612712800|2786797|23;
10612712800|2786798|23;
10612712800|2786799|23;
10612712800|2786800|18;
10612712800|2786801|25;
10612712800|2786802|20;
10612712800|2786985|23;
10612712800|2786986|18;
10612712800|2786987|23;
10612712800|2786988|25;
10612712800|2786989|25;
10612712800|2786990|25;
10612712800|2786464|23;
10612712800|2786465|23;
10612712800|2786466|23;
10612712800|2786468|25;
10612712800|2786469|25;
10612712800|2786545|3;
10612712800|2786546|24;
10612712800|2786547|23;
10612712800|2786548|23;
10612712800|2786549|18;
10612712800|2786550|25;
10612712800|2786710|23;
10612712800|2786711|23;
10612712800|2786712|23;
10612712800|2786713|25;
10612712800|2786714|26;
10612712800|2786600|23;
10612712800|2786601|23;
10612712800|2786602|25;
10612713900|2786984|3;
10612714200|2786551|10;
10612696900|2786529|5;
10612719500|2786557|3;
10612707800|2786597|5;
10612720700|2786808|10;
10612708000|2787073|6;
10612719600|2786608|25;
10612720300|2786721|5;
9804880|2786722|14;
10612721000|2787085|9;
10612718300|2786903|4;
10612718800|2786720|21;
10612721100|2786911|5;
10612719000|2786810|40;
10612715200|2786812|82;
9804499|1|79;
10612720500|2787084|11;
10612721800|2786809|5;
10612721800|2786723|5;
10612721800|2786609|5;
10612722900|2786561|10;
10612723100|2786610|5;
10612722100|2786814|18;
10612722100|2786724|18;
10612715500|2786909|15;
9805078|1|82;
